# Products with blob files but no DB image records
# Total: 313 products
# These need DB records updated, not new downloads
1239
1263
1273
1418
1423
1425
1440
1493
1494
1500
1946
1955
2075
2077
2079
2097
2101
2104
2106
2107
2118
2120
2121
2122
2124
2126
2127
2129
2131
2133
2135
2136
2145
2146
2150
2154
2156
2159
2160
2222
2224
2235
2237
2246
2255
2257
2260
2318
2331
2403
2437
2441
2443
2447
2456
2460
2463
2470
2497
2499
2504
2505
2524
2587
2611
2615
2616
2621
2632
2650
2675
2678
2683
2688
2692
2703
2706
2710
2711
2713
2714
2715
2717
2723
2727
2728
2734
2736
2737
2738
2739
2740
2741
2743
2748
2751
2752
2753
2755
2758
2760
2768
2770
2799
2806
2807
2810
2811
2814
2817
2823
2831
2832
2837
2838
2839
2840
2844
2845
2846
2849
2850
2851
2853
2854
2855
2857
2858
2863
2864
2865
2866
2867
2868
2869
2870
2871
2872
2873
2874
2877
2878
2879
2881
2882
2884
2885
2886
2889
2890
2893
2895
2897
2899
2900
2904
2905
2906
2909
3918
3921
3952
3958
3964
3971
3973
3977
3980
3985
3990
3992
4001
4002
4005
4006
4032
4039
4064
4071
4073
4075
4079
4089
4102
410
4113
4120
4122
4138
4157
4159
4161
4165
4205
4208
4211
4212
4213
4214
4217
4219
4220
4228
4232
4233
4237
4238
4239
4241
4245
4246
4247
4250
4251
4253
4254
4261
4268
4270
4284
4300
4301
4322
4331
4344
4353
4355
4356
4362
4415
4426
4431
4436
4443
4444
4464
4465
4475
4479
4482
4495
4497
4498
4503
4510
4524
4528
4540
4541
4551
4553
4556
4570
4583
4585
4595
4597
4598
4602
4607
4632
4668
4670
4674
4678
4686
4701
4717
4720
4721
4728
4735
4736
4745
4748
4749
4756
4758
4762
4764
4783
4826
4837
4843
4844
4845
4851
4852
4853
4858
485
4860
4862
4864
4865
4868
4869
4873
4880
4885
4896
4897
4898
4899
4900
4901
4903
4905
4908
4910
4911
4912
4970
