# Products not in blob storage (MEDIUM PRIORITY)
# Format: one product ID per line
2780
43
142
444
89
1163
389
97
727
120
117
1324
750
2636
68
145
1216
634
143
129
1352
163
155
166
1164
159
82
173
640
181
94
1317
1191
749
422
91
191
286
210
198
202
206
167
204
107
1343
104
445
1300
113
1353
103
1337
199
195
141
1208
197
207
135
114
452
2305
1206
209
110
115
112
138
118
146
133
119
156
752
140
237
131
151
157
254
246
6217
757
1014
397
1298
278
136
190
149
160
2788
281
186
148
1199
282
2361
760
158
187
295
304
303
298
292
301
1049
768
214
179
2571
164
216
316
217
317
211
327
218
220
323
324
320
123
128
222
337
215
200
168
343
219
342
373
355
914
1120
379
357
361
247
111
372
350
312
347
387
461
378
406
393
306
1297
419
261
551
277
421
405
274
415
552
500
497
1161
505
449
501
271
579
336
764
502
188
577
625
575
628
627
623
767
732
2535
637
703
733
584
704
689
691
126
818
2000
779
734
792
861
398
780
175
630
223
771
171
583
2542
284
905
224
234
227
763
228
2785
231
416
229
701
388
2539
6229
239
152
240
245
180
249
241
450
242
265
251
6236
6244
782
272
280
257
266
258
297
225
287
291
290
296
289
293
288
305
311
309
315
262
321
307
313
322
341
548
328
329
325
332
333
326
2576
243
352
353
417
354
346
631
366
344
369
37
2389
153
359
371
915
370
6248
526
2633
385
394
381
364
259
402
903
400
253
408
411
264
267
2573
263
268
414
383
270
436
386
499
1162
437
438
318
464
496
572
1305
574
260
571
515
507
360
568
413
595
283
368
624
2330
772
554
122
580
2511
636
2656
310
376
632
626
745
367
635
365
690
403
729
108
728
699
348
692
702
593
755
396
731
439
705
781
756
248
6252
855
2637
1329
856
819
783
743
777
2595
904
912
294
908
911
913
503
633
938
956
928
319
960
959
576
965
972
955
423
971
976
970
918
785
961
1000
997
226
917
1002
1011
998
1036
358
2532
1050
2285
1015
1121
1039
154
1143
1132
594
447
428
962
1131
1133
451
862
978
977
430
993
433
275
1001
424
213
384
1354
1012
446
969
523
1013
1144
958
1152
1147
1008
1156
1135
954
480
1157
1165
1167
1171
858
1189
1125
1186
1173
1176
1174
1172
1181
334
1202
1178
1204
2630
995
1195
1205
1197
1193
1200
1154
1215
994
1211
1220
345
1214
495
1188
964
2695
1290
1230
744
1203
3032
1232
399
1312
432
1304
1128
230
1311
1040
1229
1315
1302
1328
629
1335
963
1322
1319
1333
1325
1289
2510
1126
2600
1351
1346
1122
1342
90
1338
425
1339
1347
1119
1314
1359
1357
1355
1160
1037
465
776
793
589
362
557
1192
854
996
6254
1330
1137
475
472
906
582
1023
687
5333
5417
1130
748
751
1218
459
2271
2282
2278
2302
2292
2304
2291
1349
975
2308
2311
492
491
2315
174
1158
2289
1153
1155
1151
279
300
1009
510
1179
493
1180
1182
1183
512
427
559
509
1148
508
517
2574
2329
2340
741
494
2342
2338
2346
1306
2359
454
2360
1166
2353
2358
2369
2601
2533
2537
519
489
2371
2321
2391
2393
2398
2544
2395
2368
521
2509
189
888
2540
2541
2550
2382
374
2538
2548
2603
2575
1212
2597
236
2577
2598
2599
2570
2405
2638
2625
2778
2628
2627
2655
2635
2672
2660
909
2669
2381
2773
2345
2536
2774
2786
2792
2779
2629
2800
2547
527
565
2833
564
6165
1320
453
1225
1348
535
530
529
537
540
6269
6278
542
6255
544
547
545
285
550
553
1234
5228
5460
6290
5641
5450
1303
561
560
562
5711
563
1201
566
567
1301
590
5742
1331
1318
2545
1307
1334
1323
1316
591
587
1350
458
588
1344
1341
706
597
596
5778
5873
5867
412
6668
5743
585
600
6887
5935
5951
569
5932
606
456
604
463
5982
608
612
610
1296
614
613
6016
6024
6068
617
620
619
1292
621
455
1231
1217
1291
1196
1194
6131
644
648
2380
1187
651
2797
652
6218
6213
736
6249
784
791
6280
798
796
795
659
6270
799
662
1038
666
1136
6311
670
671
6312
801
6321
675
5182
5183
5185
5179
677
5186
5226
5232
5233
5231
5250
5224
5187
6315
5253
5255
5254
5291
5290
5292
5271
5258
5268
5293
5296
5297
5332
5355
5356
5392
5393
5391
5396
6283
5402
5398
5401
5405
5411
5412
5413
5409
5408
5420
5414
5423
5419
5424
5425
5429
5432
5427
5426
683
778
2634
2670
680
684
1209
457
570
524
335
694
804
276
696
5437
5445
5439
5438
5446
5444
5447
5452
5442
5455
5459
5454
5468
5466
5470
5465
5471
5469
5632
5596
5593
5595
5628
5592
5631
5634
5638
5633
5653
5708
5643
5652
5639
5654
5705
708
5717
5716
5724
5718
5723
5726
5720
5741
5737
5740
5739
5748
5747
5746
5776
5775
5749
5857
5855
5854
5780
5782
5853
5819
5858
5865
5868
5891
5892
5870
5871
5872
5888
5890
5895
5894
5897
5900
5905
5898
5907
5902
5908
5906
5910
5911
710
803
5919
5914
5920
5921
5922
5927
5940
5939
5942
5934
5941
5943
5946
5945
5948
5954
5966
6347
5949
5958
5961
5962
5964
5963
5965
5985
5973
5975
5971
5970
5979
5974
5976
5980
5984
5997
5986
5989
5987
5990
5991
5994
5999
5993
5998
5995
6006
6010
6011
6025
6349
6004
6009
6014
6012
6013
6019
6035
6354
6030
6026
6033
6029
6037
6034
6038
6054
6044
6046
6043
6045
6047
6057
6053
6059
6055
715
807
6377
6061
6064
6072
6063
6070
6075
6087
809
6076
6079
6082
6077
6090
6086
6091
6095
6103
6099
6104
6106
6105
6115
6107
6118
6109
6113
718
6406
6119
717
6121
6125
6126
6122
6127
6141
6143
6130
6139
6135
6136
6144
6161
6380
721
6152
6155
6154
6158
6160
6159
812
6172
6171
6166
6173
6175
6180
6184
6176
6192
6201
6190
6186
722
6202
6194
6193
6199
6200
6196
6207
6221
6219
6216
6220
6211
269
172
233
125
725
724
418
252
739
740
578
738
2272
686
339
2290
746
338
753
754
747
1190
2297
761
762
758
759
2299
504
2307
765
726
769
6228
770
404
6231
6238
6245
6247
6251
511
774
775
773
2319
514
2320
2332
788
2343
2337
787
786
790
2333
688
789
6253
6271
6277
6273
6272
6276
6279
6281
6275
2352
797
973
794
6306
6309
1228
979
802
6322
6313
6317
6326
6320
6352
806
6375
6350
6353
999
6348
6327
598
6383
6379
6382
6405
6408
6407
6381
2392
814
2378
815
810
1159
443
2386
1175
822
2408
820
826
823
824
1168
831
1332
2409
830
832
1345
833
6409
6412
6441
6436
6440
6410
6416
6450
838
6455
6453
6468
6474
6478
6476
6479
2385
2365
842
847
839
6482
841
845
840
852
2354
518
1177
866
1185
871
865
870
2281
6518
6517
6520
6521
6526
6522
6529
6514
6513
874
6532
1198
6531
6534
6537
6538
6542
182
877
6546
878
6549
6543
256
599
314
882
330
6555
6552
6551
6556
6553
6559
6558
6557
6560
6563
6567
6566
6565
6571
891
380
887
889
6577
6575
6578
1321
6584
6589
6588
6587
6581
6590
6585
377
898
896
1149
899
390
901
434
907
974
730
1880
872
902
516
957
431
920
440
429
924
927
1138
922
6602
929
6600
6607
6612
6614
6610
6606
1134
932
498
935
2298
933
936
6618
6624
6627
6630
6623
6631
6629
940
6637
6641
6638
6634
6645
6643
6649
813
6658
6659
6660
6654
6664
6674
6681
6675
6680
6682
6673
6678
6685
6683
6693
6689
6691
6695
6690
6705
6709
6707
6711
6714
6725
6708
6733
6749
6740
6750
299
6752
6747
6754
6755
6761
6759
6762
6764
6765
6760
6767
948
6768
409
6772
6780
6771
6782
349
951
331
392
356
208
161
966
205
193
6789
6785
6792
6791
6796
6790
6798
981
6803
6806
6804
6807
6809
983
986
987
6817
2284
6816
988
2401
130
990
989
992
2356
2339
2344
2362
2317
2822
2357
2379
520
6822
6832
6823
6824
6835
6829
6838
6841
6850
6842
6844
6840
6845
6849
6848
6855
6854
6857
6861
6856
6864
6860
2834
2654
2396
2769
2776
1226
6869
6879
6875
2802
2314
2604
2804
2777
2795
1313
1308
1336
1233
1358
1219
1184
1207
1004
1129
1127
916
850
860
846
800
742
707
766
700
639
581
573
638
513
531
586
556
442
420
401
382
407
395
363
340
308
273
232
244
235
212
238
221
196
170
150
162
201
132
134
127
351
2531
2546
506
462
302
5433
719
522
525
528
534
536
532
538
539
541
543
546
549
601
602
603
605
609
611
615
616
618
6403
811
821
817
555
558
607
622
641
642
647
646
645
649
650
653
655
654
656
828
825
657
658
660
661
664
665
667
663
668
669
672
674
5180
5184
5188
676
5225
5229
5230
5227
5244
5251
5257
5256
5294
5270
5259
5289
5295
5288
5308
5298
5372
5331
5395
679
5394
5403
5399
5404
5406
5407
5416
5410
5415
5422
5418
5430
5428
5435
682
681
685
698
693
697
5441
5397
5440
5443
5448
5449
827
829
836
6411
6439
643
673
678
5431
5451
695
5434
5456
5458
5473
5457
5475
5474
5594
5630
5637
5792
5635
5640
5636
5703
5642
5704
5714
5712
5715
5713
5722
1101
5721
5736
5725
5738
5744
5745
5779
5774
5760
5777
5784
5856
5866
5869
5864
5887
5889
5893
5899
5896
5901
5903
5904
5912
5915
5913
5916
5909
5918
5917
5924
5928
711
5938
5944
5933
5947
5950
5952
5957
5959
5960
5956
5968
5969
5967
712
5972
5978
5977
5981
713
5983
5988
5992
5996
6000
6003
6001
6005
6002
6007
6017
6015
6018
6020
6027
6028
6031
6041
6032
6042
6036
6040
6048
6050
6049
6051
6052
6058
6060
6062
6065
6067
6069
6081
6074
6078
6085
6080
6083
6089
6093
6097
6094
6100
6102
6101
6098
6116
6108
6114
716
6110
6120
6124
6123
720
6128
6129
6133
6140
6151
6153
6145
6150
6162
6178
6163
6174
6177
6182
6181
6187
6183
6188
6189
6191
6195
1241
6203
6215
723
737
837
6413
6442
6435
6454
6452
6475
843
6473
6480
848
853
849
864
6481
867
844
6515
6483
869
6519
6525
875
6530
6533
873
6535
876
6544
6539
6547
6548
884
881
879
883
886
6554
885
6564
6570
890
6573
6569
6576
6572
6579
893
894
6583
6586
6592
900
6596
6594
897
919
925
926
6599
6605
6613
6608
931
6615
6617
934
6616
937
6621
6622
6619
6633
6626
6635
6639
6632
6640
6647
6646
6651
6650
6653
6655
6644
6662
6661
6667
6669
6684
6686
6687
6663
6688
941
6699
6692
6696
942
6734
6724
6732
944
943
6739
6735
946
6757
6751
6758
950
6766
949
6770
6763
6769
6777
952
6773
967
6784
968
980
6793
6801
6800
6799
6811
6808
6810
982
984
6815
991
6819
6818
6351
6415
6562
805
808
835
6451
6274
6512
6636
892
923
6603
930
6704
6671
6837
6846
985
6786
6813
6821
6826
6839
6117
6008
5706
6307
816
868
6545
6580
6593
6836
6853
6847
6851
6858
6863
6866
6867
895
880
921
6666
6679
6703
6737
6814
6825
6843
6852
6873
6874
6877
6889
6878
1467
5181
5269
5669
5679
5811
5829
6039
6422
6568
6611
6620
6876
5176
5177
5175
5178
5190
5192
5191
5194
5189
5193
5196
5195
5199
5197
5200
5198
5201
5203
5202
5204
5205
5206
5207
5209
5208
5211
5210
5212
5214
5213
5218
5216
5217
5215
5219
5222
5221
5220
5223
5234
5237
5238
5240
5239
5235
5241
5243
5242
5246
5249
5247
5245
5248
5262
5261
5264
5266
5260
5265
5263
5267
5277
5276
5279
5273
5275
5278
5280
5282
5281
5283
5285
5284
5286
5287
5300
5301
5303
5302
5299
5305
5307
5304
5306
5310
5311
5313
5317
5316
5315
5319
5318
5314
5321
5320
5312
5322
5325
5323
5324
5326
5328
5330
5327
5329
5334
5335
5336
5343
5338
5341
5339
5344
5337
5340
5345
5348
5349
5352
5354
5351
5347
5346
5350
5358
5357
5360
5359
5362
5368
5365
5371
5370
5369
5367
5366
5364
5373
5377
5376
5375
5374
5379
5381
5384
5383
5382
5385
5378
5380
5387
5386
5390
5388
5389
5453
5461
5463
5464
5462
5476
5478
5480
5481
5479
5477
5482
5483
5484
5485
5486
5487
5489
5488
5491
5492
5493
5494
5495
5496
5497
5498
5499
5500
5501
5502
5503
5504
5505
5507
5508
5509
5510
5511
5512
5513
5515
5514
5517
5516
5518
5520
5521
5522
5523
5524
5525
5526
5527
5528
5529
5530
5531
5532
5533
5534
5535
5537
5536
5538
5539
5541
5542
5543
5544
5545
5546
5547
5548
5549
5550
5552
5553
5555
5554
5557
5556
5558
5559
5560
5561
5563
5562
5564
5565
5566
5567
5568
5569
5570
5571
5572
5573
5575
5576
5577
5579
5582
5580
5583
5584
5581
5578
5585
5587
5586
5590
5589
5588
5591
5604
5600
5602
5599
5601
5598
5603
5606
5608
5611
5607
5609
5613
5614
5615
5617
5621
5619
5625
5623
5620
5618
5624
5622
5627
5626
5644
5646
5647
5648
5645
5650
5651
5649
5655
5656
5657
5658
5659
5660
5661
5662
5663
5664
5665
5667
5666
5668
5670
5672
5673
5674
5675
5676
5677
5678
5680
5681
5682
5683
5684
5685
5687
5686
5688
5689
5690
5694
5695
5692
5691
5693
5696
5697
5699
5698
5702
5701
5700
5710
5709
5727
5729
5730
5731
5732
5733
5734
5752
5753
5757
5750
5754
5755
5759
5756
5751
5758
5765
5761
5764
5762
5768
5766
5763
5767
5773
5771
5770
5772
5769
5788
5787
5785
5789
5793
5790
5795
5799
5798
5796
5791
5794
5801
5804
5803
5806
5805
5814
5818
5808
5815
5813
5810
5816
5817
5812
5809
5821
5820
5822
5824
5825
5826
5823
5830
5827
5828
5836
5837
5834
5833
5835
5831
5832
5506
5839
5838
5842
5840
5841
5845
5843
5844
5852
5851
5846
5847
5849
5850
5848
5860
5861
5863
5862
5859
5874
5878
5875
5877
5881
5884
5880
5882
5885
5883
5925
5929
5926
6022
6023
6021
6056
6092
6111
6148
6168
6169
6223
6224
6226
6227
6225
6241
6243
6240
6242
6257
6256
6259
6260
6265
6263
6264
6262
6266
6261
6267
6268
6285
6287
6286
6288
6289
6293
6291
6294
6296
6304
6297
6299
6301
6303
6305
6298
6330
6331
6332
6333
6336
6335
6339
6334
6338
6340
6343
6344
6341
6345
6355
6358
6360
6359
6363
6361
6356
6362
6364
6365
6368
6367
6366
6369
6372
6370
6384
6386
6387
6389
6390
6388
6391
6393
6394
6399
6397
6396
6398
6400
6395
6401
6402
6404
6420
6419
6418
6421
6425
6429
6430
6434
6431
6445
6443
6447
6448
6444
6456
6457
6458
6460
6463
6459
6462
6467
6464
6466
6461
6465
6470
6471
6472
6477
6485
6486
6487
6484
6490
6491
6489
6488
6492
6493
6494
6495
6496
6497
6498
6499
6500
6501
6503
6505
6504
6502
6506
6507
6509
6511
6510
6508
6528
6540
6541
6700
6715
6720
6719
6721
6716
6723
6722
6727
6728
6730
6726
6742
6741
6743
6774
6775
6828
6834
6827
6865
6862
6882
6881
6883
6885
6884
6886
6888
6891
6892
6894
6890
6895
6893
6896
6897
6899
6898
6905
6901
6900
6904
6903
6906
6922
6910
6909
6911
6908
6907
5272
5353
5421
5490
5519
5540
5671
5728
5783
5800
6071
6206
6214
6246
6385
6427
6595
6604
6656
6670
6694
5363
6167
6237
6642
